42
78
189
131
167
28
33
20
119
137
136
159
8
80
2
59
111
16
183
160
90
18
87
148
35
101
121
141
10
97
63
83
105
154
61
170
162
192
67
17
157
21
164
81
150
106
58
69
171
19
169
173
37
118
56
96
62
46
123
178
100
5
85
22
134
3
108
38
76
99
130
74
185
158
152
48
29
165
115
84
151
138
104
190
161
172
112
153
57
156
179
70
135
82
117
107
68
174
27
163
32
31
110
142
36
88
93
72
95
145
55
132
4
13
187
109
23
176
53
149
73
175
166
45
26
143
30
77
11
188
103
113
116
47
71
128
24
126
66
86
125
120
41
92
89
127
129
144
6
49
177
91
139
0
186
102
9
64
7
193
54
124
140
40
14
50
34
114
1
133
94
25
39
15
44
65
60
75
52
181
182
155
51
98
146
184
168
12
122
191
43
79
147
180
