108
91
66
141
219
113
90
123
154
155
190
226
72
137
92
174
165
207
127
138
48
44
192
178
194
43
22
193
65
120
157
107
49
109
103
186
61
111
42
32
224
15
89
163
14
96
71
106
227
56
131
51
142
187
98
9
39
47
36
85
230
70
228
122
34
159
198
189
75
191
180
38
170
110
12
94
41
208
57
10
209
182
236
26
129
6
99
132
139
215
185
102
8
95
216
100
197
146
125
46
234
82
134
24
172
162
11
158
221
58
105
13
4
176
18
21
202
168
3
135
87
188
233
68
175
28
217
79
167
33
86
143
19
147
220
54
164
97
67
177
76
77
69
171
83
201
17
206
88
152
195
232
121
7
23
235
183
199
116
45
104
130
52
2
35
179
1
212
210
29
73
128
213
55
151
136
81
59
222
211
225
93
181
80
169
5
31
62
50
114
25
37
218
27
200
153
160
166
20
237
30
156
64
196
78
133
0
63
184
231
140
53
144
161
16
203
173
84
119
74
223
205
118
126
149
115
229
204
60
124
40
101
112
145
214
150
148
117
